mice	CellArea_micron2	greenMean	redMean	RGratio	nMitoLysosomes	nML_per_um2	nML_over_green	MLtotalArea_micron2	MLpctArea	MLmeanArea_micron2	MLarea_micron2_over_green	X_tl	Y_tl	ratioThresh	redThresh	smoothRad	zt24	zt48	day
216	17501.879999999997	7696.5145	1499.2645	0.192	118.5	0.006500000000000001	0.014	4.992	0.0285	0.041999999999999996	5.989e-4	0	0	1	2721.1095	1	2	2	1
218	18163.024	10741.6885	2119.2915000000003	0.1965	127	0.006999999999999999	0.0125	5.9879999999999995	0.033	0.0525	6.832e-4	0	0	1	3487.5535	1	6	6	1
220	16846.727	8790.365	1509.309	0.172	49	0.003	0.0055	1.258	0.0075	0.0295	1.4314999999999998e-4	0	0	1	2610.973	1	10	10	1
222	17037.377	6218.2575	1174.0315	0.182	159.5	0.0095	0.027	3.4299999999999997	0.02	0.0205	5.6875e-4	0	0	1	1972.5945	1	2	26	2
224	17747.1895	10756.107	1972.5325	0.1885	103.5	0.006500000000000001	0.009999999999999998	8.964500000000001	0.05	0.077	7.723e-4	0	0	1	3462.1665000000003	1	6	30	2
226	17545.331	7105.447	1235.6405	0.1735	116	0.006500000000000001	0.016	2.947	0.0165	0.025500000000000002	4.263e-4	0	0	1	2194.6054999999997	1	14	14	1
228	17367.708	7802.4439999999995	1397.9915	0.178	145	0.0085	0.0175	4.545999999999999	0.027	0.038	6.820999999999999e-4	0	0	1	2442.199	1	18	18	1
230	17952.281	9679.676	1521.9745	0.159	77.5	0.0045000000000000005	0.0085	3.1384999999999996	0.0175	0.043	3.3555e-4	0	0	1	2590.469	1	22	22	1
232	17895.28	5752.124	1069.304	0.182	206.5	0.0115	0.035	3.776	0.0215	0.0175	6.1525e-4	0	0	1	1817.405	1	14	38	2
234	18211.812	8086.8495	1677.828	0.201	174	0.0095	0.0205	8.618	0.0475	0.043	0.001	0	0	1	2855.5235000000002	1	18	42	2
236	17424.307999999997	8346.3295	1295.5655000000002	0.158	56.5	0.003	0.007	0.9815	0.0055	0.019	1.1735e-4	0	0	1	2142.2205	1	10	34	2
238	17607.672	7011.0875	1159.16	0.16949999999999998	154.5	0.0095	0.023	3.1660000000000004	0.018	0.023	4.797e-4	0	0	1	1983.1105	1	2	2	1
239	18173.219	8016.612499999999	2035.3029999999999	0.247	348.5	0.0195	0.0435	17.9915	0.099	0.06	0.0025	0	0	1	3689.5465	1	14	14	1
240	17917.379	5897.7865	945.6610000000001	0.1645	242	0.0135	0.042499999999999996	5.191	0.0295	0.0175	8.401999999999999e-4	0	0	1	1560.1195	1	6	6	1
241	17740.620499999997	5500.786	1190.2945	0.215	450.5	0.025	0.082	11.747	0.0655	0.0235	0.002	0	0	1	2055.5074999999997	1	18	18	1
242	17437.826	7243.651	1275.453	0.1775	81.5	0.0045000000000000005	0.011	3.278	0.019	0.035500000000000004	4.179e-4	0	0	1	2344.4225	1	10	10	1
243	18211.812	10460.6865	3281.208	0.331	491	0.027000000000000003	0.047	45.709500000000006	0.251	0.0915	0.0045000000000000005	0	0	1	5585.434	1	22	22	1
244	18122.417999999998	7892.321	1381.0149999999999	0.18	109	0.006500000000000001	0.0135	4.8025	0.0265	0.0345	6.4545e-4	0	0	1	2429.138	1	2	26	2
245	18211.812	9301.887999999999	3052.8395	0.3195	516	0.028	0.052	47.784000000000006	0.2625	0.092	0.005	0	0	1	5155.305	1	2	2	1
246	17131.826999999997	7005.441	1171.599	0.167	108	0.006	0.014499999999999999	3.059	0.0175	0.0195	4.214e-4	0	0	1	1967.372	1	22	46	2
247	17535.088	5921.553	1303.4389999999999	0.221	566.5	0.032	0.093	20.958	0.12	0.0385	0.0035	0	0	1	2263.5285000000003	1	6	6	1
248	17219.351000000002	5078.0419999999995	990.306	0.189	409	0.0245	0.079	7.211	0.041499999999999995	0.013999999999999999	0.001	0	0	1	1647.4205	1	14	14	1
249	18032.302000000003	10804.892	2376.8594999999996	0.22999999999999998	340.5	0.019000000000000003	0.03	31.6065	0.1775	0.088	0.003	0	0	1	4283.3755	1	10	10	1
250	17983.635000000002	6482.657499999999	1195.4975	0.184	181.5	0.009999999999999998	0.026	4.8225	0.026500000000000003	0.025	7.633e-4	0	0	1	2087.87	1	18	18	1
251	18211.812	9329.128	2614.5910000000003	0.27849999999999997	316.5	0.018	0.0335	22.739	0.125	0.07100000000000001	0.0025	0	0	1	4536.1015	1	14	38	2
252	17977.461	9555.46	1897.191	0.2	57.5	0.003	0.006	2.0975	0.0115	0.03	1.9555e-4	0	0	1	3200.2435	1	22	22	1
253	18120.6745	7048.579	2418.5455	0.3315	711.5	0.0395	0.10250000000000001	48.028499999999994	0.2675	0.0675	0.0075	0	0	1	4332.347	1	18	42	2
254	18134.748	8939.5405	1709.1284999999998	0.192	91	0.005	0.0095	2.8445	0.0155	0.0275	2.9330000000000003e-4	0	0	1	2799.5389999999998	1	14	38	2
255	17810.6985	6028.9635	1466.3335000000002	0.23299999999999998	408	0.023	0.0685	13.4775	0.076	0.0325	0.002	0	0	1	2479.745	1	22	46	2
256	18159.011	9291.538	1854.855	0.20500000000000002	90.5	0.005	0.0095	3.37	0.0185	0.043	3.26e-4	0	0	1	3339.1724999999997	1	18	42	2
257	18126.6005	7177.522	2031.8155000000002	0.281	530	0.0295	0.07300000000000001	22.861	0.126	0.045	0.0035	0	0	1	3414.1710000000003	1	14	14	1
258	18115.531000000003	10489.247	1998.401	0.1925	55	0.003	0.0055	1.7285000000000001	0.0095	0.033	1.721e-4	0	0	1	3174.297	1	22	46	2
259	17754.4975	5056.9235	1072.394	0.2125	421.5	0.024	0.08349999999999999	12.8105	0.07250000000000001	0.024	0.0025	0	0	1	1896.4495	1	2	26	2
260	18211.812	13298.1815	2727.0820000000003	0.216	95.5	0.0055	0.006500000000000001	5.6915	0.0315	0.0595	4.05e-4	0	0	1	4220.9235	1	14	14	1
261	18051.389000000003	7269.579	2022.0005	0.2745	507.5	0.0285	0.07899999999999999	44.113	0.2465	0.0745	0.006	0	0	1	3544.6715	1	6	30	2
262	17870.576	7849.284	1474.976	0.1865	87	0.005	0.011	2.76	0.0155	0.033	3.4765e-4	0	0	1	2368.2200000000003	1	18	18	1
263	17414.0455	8727.557	1729.5565	0.198	167.5	0.0095	0.0185	9.5525	0.0545	0.05	9.618000000000001e-4	0	0	1	2878.974	1	10	34	2
264	18027.163	7205.1404999999995	1384.6774999999998	0.1915	127	0.006999999999999999	0.018000000000000002	2.4909999999999997	0.014	0.0225	3.602e-4	0	0	1	2281.6195	1	22	22	1
266	18134.855	8619.049500000001	1588.614	0.182	83.5	0.005	0.0095	2.7175000000000002	0.015	0.0385	3.1844999999999996e-4	0	0	1	2735.929	1	14	38	2
267	18125.203	4902.6715	1153.7625	0.226	762	0.041999999999999996	0.16249999999999998	22.8285	0.126	0.028499999999999998	0.004	0	0	1	1963.9115	1	2	2	1
268	17963.918	8434.0015	1677.0685	0.215	155	0.0085	0.0175	7.114	0.0395	0.039	8.829e-4	0	0	1	2749.6445	1	6	30	2
269	18211.812	9623.296	2221.1185	0.231	287.5	0.016	0.0305	18.5715	0.10200000000000001	0.058499999999999996	0.002	0	0	1	3681.9865	1	6	6	1
270	17648.731	8221.753499999999	1698.4409999999998	0.2055	59.5	0.003	0.007	2.2295	0.0125	0.0305	2.491e-4	0	0	1	2835.185	1	10	34	2
271	18211.812	10712.086	3683.0025	0.3385	461.5	0.025500000000000002	0.041999999999999996	38.0505	0.209	0.0795	0.0035	0	0	1	6029.749	1	10	10	1
272	18211.812	10189.317500000001	2891.3559999999998	0.2815	250	0.0135	0.0255	22.7365	0.125	0.07350000000000001	0.00243185	0	0	1	4501.6625	1	2	2	1
273	18211.812	10898.764	2384.617	0.2225	196	0.0115	0.0185	17.4535	0.0965	0.0805	0.001	0	0	1	4016.036	1	2	26	2
274	18099.039	9665.282500000001	2004.3635	0.20450000000000002	99	0.0055	0.009000000000000001	5.46	0.0305	0.0505	5.1995e-4	0	0	1	3305.8395	1	6	6	1
275	17474.1995	8028.892	1891.953	0.242	303.5	0.017	0.038	20.786	0.119	0.0695	0.003	0	0	1	3366.2995	1	6	30	2
276	17671.754	8830.7395	1781.314	0.196	71.5	0.004	0.008	1.9875	0.0115	0.029	2.211e-4	0	0	1	2920.9705000000004	1	10	10	1
277	17704.4735	9584.656500000001	2193.54	0.2365	172	0.0095	0.017	10.8025	0.06	0.055999999999999994	0.0014252	0	0	1	3847.669	1	18	18	1
278	18155.7405	8603.2395	1976.4275	0.222	170	0.0095	0.019999999999999997	10.7055	0.059000000000000004	0.0615	9.525e-4	0	0	1	3380.6369999999997	1	2	26	2
279	18087.239999999998	10839.5	2489.7255	0.20400000000000001	179.5	0.01	0.016	12.464500000000001	0.069	0.084	0.001	0	0	1	4418.425499999999	1	22	22	1
280	17957.561	6523.482	1781.9525	0.297	384	0.020999999999999998	0.059	21.622999999999998	0.122	0.049	0.003	0	0	1	3333.2835	1	18	42	2
282	18211.812	9608.0155	2019.071	0.20800000000000002	145.5	0.008	0.0135	5.226	0.028499999999999998	0.054	5.72e-4	0	0	1	3354.795	1	22	46	2
283	18198.588000000003	13338.673999999999	3111.857	0.2265	176.5	0.0095	0.0125	11.1985	0.0615	0.062	9.2605e-4	0	0	1	5219.2875	1	10	34	2
285	17743.3655	9259.177	1985.4569999999999	0.22	230.5	0.013000000000000001	0.024	15.169	0.08499999999999999	0.0655	0.002	0	0	1	3621.059	1	2	2	1
286	18096.6075	5507.039000000001	1639.4045	0.2925	784.5	0.0445	0.1445	28.032	0.15799999999999997	0.035500000000000004	0.0055	0	0	1	2860.6319999999996	1	6	30	2
287	18182.856	9640.5905	1926.1675	0.203	221	0.0125	0.023	14.407	0.07999999999999999	0.0655	0.0015	0	0	1	3377.209	1	6	6	1
288	17460.4875	8086.204	1666.0525	0.2	103	0.006	0.0135	1.771	0.009999999999999998	0.0175	2.3055e-4	0	0	1	2692.8940000000002	1	10	34	2
289	17968.7255	8857.307	1974.8465	0.2165	140	0.008	0.0165	9.968	0.0565	0.0545	9.9885e-4	0	0	1	3425.0125	1	10	10	1
291	17784.746	7421.5965	1617.798	0.23399999999999999	334	0.019000000000000003	0.0445	15.376	0.08549999999999999	0.052500000000000005	0.002	0	0	1	2992.173	1	2	26	2
293	18211.812	9927.116	3022.7165	0.3145	450	0.0245	0.048	39.475	0.21649999999999997	0.093	0.0045000000000000005	0	0	1	4702.5625	1	6	30	2
295	17731.7085	9125.4835	1840.8625	0.1975	149.5	0.0085	0.0155	7.712	0.044	0.0515	8.0395e-4	0	0	1	3092.3135	1	10	34	2
297	18197.948	7689.7855	1705.6075	0.214	214	0.0115	0.028	7.1065000000000005	0.039	0.042499999999999996	8.1e-4	0	0	1	2895.4390000000003	1	14	38	2
299	18183.082499999997	9501.257000000001	1869.2465	0.217	148	0.0085	0.0155	7.004	0.039	0.040999999999999995	7.2395e-4	0	0	1	3130.813	1	18	42	2
301	18199.044	8937.412	1904.8355	0.205	169.5	0.0095	0.018	8.8575	0.049	0.0475	9.022500000000001e-4	0	0	1	3152.996	1	22	46	2
303	18198.4885	8336.1295	2123.92	0.2415	272	0.015	0.0325	12.1255	0.067	0.044	0.001	0	0	1	3497.2365	1	14	14	1
305	18169.323	7616.0235	1614.2759999999998	0.21	267.5	0.0145	0.033	15.276499999999999	0.0845	0.0485	0.002	0	0	1	2750.3734999999997	1	18	18	1
307	18211.812	9757.5825	2265.5845	0.23199999999999998	316.5	0.0175	0.034	22.694000000000003	0.1245	0.07	0.0025	0	0	1	3959.1375	1	22	22	1
309	18146.900500000003	10009.6235	2049.587	0.2005	104.5	0.006	0.010499999999999999	4.862500000000001	0.027000000000000003	0.0475	4.9845e-4	0	0	1	3487.748	1	14	38	2
311	18211.812	11839.5955	2375.496	0.20650000000000002	171	0.009000000000000001	0.013000000000000001	13.416	0.0735	0.08499999999999999	9.040000000000001e-4	0	0	1	3913.723	1	18	42	2
313	18110.3475	8818.194500000001	1812.8345	0.2005	208	0.0115	0.024	11.9235	0.0665	0.054	0.001	0	0	1	3269.406	1	22	46	2
